ROB3A
1 00001U 00001A   24154.98402778 -.00000000  00000-0  00000-0 0    18
2 00001  62.0000 306.9975 0002013 241.8296 236.4513 14.96474435000009
ROB3A
1 00001U 00001A   24155.02569444 -.00000000  00000-0  00000-0 0    18
2 00001  62.0000 322.0385 0002013 241.8296 236.4513 14.96474435000003
ROB3A
1 00001U 00001A   24155.06736111 -.00000000  00000-0  00000-0 0    19
2 00001  62.0000 337.0796 0002013 241.8296 236.4513 14.96474435000005
ROB3A
1 00001U 00001A   24155.10902778 -.00000000  00000-0  00000-0 0    18
2 00001  62.0000 352.1207 0002013 241.8296 236.4513 14.96474435000000
ROB3A
1 00001U 00001A   24155.15069444 -.00000000  00000-0  00000-0 0    17
2 00001  62.0000 367.1617 0002013 241.8296 236.4513 14.96474435000001
ROB3A
1 00001U 00001A   24155.19236111 -.00000000  00000-0  00000-0 0    18
2 00001  62.0000 382.2028 0002013 241.8296 236.4513 14.96474435000005
ROB3A
1 00001U 00001A   24155.23402778 -.00000000  00000-0  00000-0 0    17
2 00001  62.0000 397.2439 0002013 241.8296 236.4513 14.96474435000007
ROB3A
1 00001U 00001A   24155.27569444 -.00000000  00000-0  00000-0 0    15
2 00001  62.0000 412.2849 0002013 241.8296 236.4513 14.96474435000000
ROB3A
1 00001U 00001A   24155.31736111 -.00000000  00000-0  00000-0 0    17
2 00001  62.0000 427.3260 0002013 241.8296 236.4513 14.96474435000004
ROB3A
1 00001U 00001A   24155.35902778 -.00000000  00000-0  00000-0 0    15
2 00001  62.0000 442.3671 0002013 241.8296 236.4513 14.96474435000007
ROB3A
1 00001U 00001A   24155.40069444 -.00000000  00000-0  00000-0 0    15
2 00001  62.0000 457.4081 0002013 241.8296 236.4513 14.96474435000009
ROB3A
1 00001U 00001A   24155.44236111 -.00000000  00000-0  00000-0 0    16
2 00001  62.0000 472.4492 0002013 241.8296 236.4513 14.96474435000002
ROB3A
1 00001U 00001A   24155.48402778 -.00000000  00000-0  00000-0 0    14
2 00001  62.0000 487.4903 0002013 241.8296 236.4513 14.96474435000005
ROB3A
1 00001U 00001A   24155.52569444 -.00000000  00000-0  00000-0 0    13
2 00001  62.0000 502.5313 0002013 241.8296 236.4513 14.96474435000009
ROB3A
1 00001U 00001A   24155.56736111 -.00000000  00000-0  00000-0 0    14
2 00001  62.0000 517.5724 0002013 241.8296 236.4513 14.96474435000001
ROB3A
1 00001U 00001A   24155.60902778 -.00000000  00000-0  00000-0 0    13
2 00001  62.0000 532.6135 0002013 241.8296 236.4513 14.96474435000005
ROB3A
1 00001U 00001A   24155.65069444 -.00000000  00000-0  00000-0 0    12
2 00001  62.0000 187.6546 0002013 241.8296 236.4513 14.96474435000007
ROB3A
1 00001U 00001A   24155.69236111 -.00000000  00000-0  00000-0 0    13
2 00001  62.0000 202.6956 0002013 241.8296 236.4513 14.96474435000000
ROB3A
1 00001U 00001A   24155.73402778 -.00000000  00000-0  00000-0 0    12
2 00001  62.0000 217.7367 0002013 241.8296 236.4513 14.96474435000003
ROB3A
1 00001U 00001A   24155.77569444 -.00000000  00000-0  00000-0 0    10
2 00001  62.0000 232.7778 0002013 241.8296 236.4513 14.96474435000006
ROB3A
1 00001U 00001A   24155.81736111 -.00000000  00000-0  00000-0 0    12
2 00001  62.0000 247.8188 0002013 241.8296 236.4513 14.96474435000008
ROB3A
1 00001U 00001A   24155.85902778 -.00000000  00000-0  00000-0 0    10
2 00001  62.0000 262.8599 0002013 241.8296 236.4513 14.96474435000001
ROB3A
1 00001U 00001A   24155.90069444 -.00000000  00000-0  00000-0 0    10
2 00001  62.0000 277.9010 0002013 241.8296 236.4513 14.96474435000006
ROB3A
1 00001U 00001A   24155.94236111 -.00000000  00000-0  00000-0 0    11
2 00001  62.0000 292.9420 0002013 241.8296 236.4513 14.96474435000008
ROB3A
1 00001U 00001A   24155.98402778 -.00000000  00000-0  00000-0 0    19
2 00001  62.0000 307.9831 0002013 241.8296 236.4513 14.96474435000001
ROB3A
1 00001U 00001A   24156.02569444 -.00000000  00000-0  00000-0 0    19
2 00001  62.0000 323.0242 0002013 241.8296 236.4513 14.96474435000006
ROB3A
1 00001U 00001A   24156.06736111 -.00000000  00000-0  00000-0 0    10
2 00001  62.0000 338.0652 0002013 241.8296 236.4513 14.96474435000007
ROB3A
1 00001U 00001A   24156.10902778 -.00000000  00000-0  00000-0 0    19
2 00001  62.0000 353.1063 0002013 241.8296 236.4513 14.96474435000001
ROB3A
1 00001U 00001A   24156.15069444 -.00000000  00000-0  00000-0 0    18
2 00001  62.0000 368.1474 0002013 241.8296 236.4513 14.96474435000003
ROB3A
1 00001U 00001A   24156.19236111 -.00000000  00000-0  00000-0 0    19
2 00001  62.0000 383.1884 0002013 241.8296 236.4513 14.96474435000005
ROB3A
1 00001U 00001A   24156.23402778 -.00000000  00000-0  00000-0 0    18
2 00001  62.0000 398.2295 0002013 241.8296 236.4513 14.96474435000008
ROB3A
1 00001U 00001A   24156.27569444 -.00000000  00000-0  00000-0 0    16
2 00001  62.0000 413.2706 0002013 241.8296 236.4513 14.96474435000003
ROB3A
1 00001U 00001A   24156.31736111 -.00000000  00000-0  00000-0 0    18
2 00001  62.0000 428.3117 0002013 241.8296 236.4513 14.96474435000006
ROB3A
1 00001U 00001A   24156.35902778 -.00000000  00000-0  00000-0 0    16
2 00001  62.0000 443.3527 0002013 241.8296 236.4513 14.96474435000008
ROB3A
1 00001U 00001A   24156.40069444 -.00000000  00000-0  00000-0 0    16
2 00001  62.0000 458.3938 0002013 241.8296 236.4513 14.96474435000000
ROB3A
1 00001U 00001A   24156.44236111 -.00000000  00000-0  00000-0 0    17
2 00001  62.0000 473.4349 0002013 241.8296 236.4513 14.96474435000004
ROB3A
1 00001U 00001A   24156.48402778 -.00000000  00000-0  00000-0 0    15
2 00001  62.0000 488.4759 0002013 241.8296 236.4513 14.96474435000005
ROB3A
1 00001U 00001A   24156.52569444 -.00000000  00000-0  00000-0 0    14
2 00001  62.0000 503.5170 0002013 241.8296 236.4513 14.96474435000001
ROB3A
1 00001U 00001A   24156.56736111 -.00000000  00000-0  00000-0 0    15
2 00001  62.0000 518.5581 0002013 241.8296 236.4513 14.96474435000003
ROB3A
1 00001U 00001A   24156.60902778 -.00000000  00000-0  00000-0 0    14
2 00001  62.0000 533.5991 0002013 241.8296 236.4513 14.96474435000005
ROB3A
1 00001U 00001A   24156.65069444 -.00000000  00000-0  00000-0 0    13
2 00001  62.0000 188.6402 0002013 241.8296 236.4513 14.96474435000009
ROB3A
1 00001U 00001A   24156.69236111 -.00000000  00000-0  00000-0 0    14
2 00001  62.0000 203.6813 0002013 241.8296 236.4513 14.96474435000003
ROB3A
1 00001U 00001A   24156.73402778 -.00000000  00000-0  00000-0 0    13
2 00001  62.0000 218.7223 0002013 241.8296 236.4513 14.96474435000005
ROB3A
1 00001U 00001A   24156.77569444 -.00000000  00000-0  00000-0 0    11
2 00001  62.0000 233.7634 0002013 241.8296 236.4513 14.96474435000008
ROB3A
1 00001U 00001A   24156.81736111 -.00000000  00000-0  00000-0 0    13
2 00001  62.0000 248.8045 0002013 241.8296 236.4513 14.96474435000001
ROB3A
1 00001U 00001A   24156.85902778 -.00000000  00000-0  00000-0 0    11
2 00001  62.0000 263.8455 0002013 241.8296 236.4513 14.96474435000003
ROB3A
1 00001U 00001A   24156.90069444 -.00000000  00000-0  00000-0 0    11
2 00001  62.0000 278.8866 0002013 241.8296 236.4513 14.96474435000005
ROB3A
1 00001U 00001A   24156.94236111 -.00000000  00000-0  00000-0 0    12
2 00001  62.0000 293.9277 0002013 241.8296 236.4513 14.96474435000009
ROB3A
1 00001U 00001A   24156.98402778 -.00000000  00000-0  00000-0 0    10
2 00001  62.0000 308.9688 0002013 241.8296 236.4513 14.96474435000002
ROB3A
1 00001U 00001A   24157.02569444 -.00000000  00000-0  00000-0 0    10
2 00001  62.0000 324.0098 0002013 241.8296 236.4513 14.96474435000006
ROB3A
1 00001U 00001A   24157.06736111 -.00000000  00000-0  00000-0 0    11
2 00001  62.0000 339.0509 0002013 241.8296 236.4513 14.96474435000009
ROB3A
1 00001U 00001A   24157.10902778 -.00000000  00000-0  00000-0 0    10
2 00001  62.0000 354.0920 0002013 241.8296 236.4513 14.96474435000003
ROB3A
1 00001U 00001A   24157.15069444 -.00000000  00000-0  00000-0 0    19
2 00001  62.0000 369.1330 0002013 241.8296 236.4513 14.96474435000005
ROB3A
1 00001U 00001A   24157.19236111 -.00000000  00000-0  00000-0 0    10
2 00001  62.0000 384.1741 0002013 241.8296 236.4513 14.96474435000008
ROB3A
1 00001U 00001A   24157.23402778 -.00000000  00000-0  00000-0 0    19
2 00001  62.0000 399.2152 0002013 241.8296 236.4513 14.96474435000001
ROB3A
1 00001U 00001A   24157.27569444 -.00000000  00000-0  00000-0 0    17
2 00001  62.0000 414.2562 0002013 241.8296 236.4513 14.96474435000004
ROB3A
1 00001U 00001A   24157.31736111 -.00000000  00000-0  00000-0 0    19
2 00001  62.0000 429.2973 0002013 241.8296 236.4513 14.96474435000006
ROB3A
1 00001U 00001A   24157.35902778 -.00000000  00000-0  00000-0 0    17
2 00001  62.0000 444.3384 0002013 241.8296 236.4513 14.96474435000000
ROB3A
1 00001U 00001A   24157.40069444 -.00000000  00000-0  00000-0 0    17
2 00001  62.0000 459.3794 0002013 241.8296 236.4513 14.96474435000001
ROB3A
1 00001U 00001A   24157.44236111 -.00000000  00000-0  00000-0 0    18
2 00001  62.0000 474.4205 0002013 241.8296 236.4513 14.96474435000006
ROB3A
1 00001U 00001A   24157.48402778 -.00000000  00000-0  00000-0 0    16
2 00001  62.0000 489.4616 0002013 241.8296 236.4513 14.96474435000008
ROB3A
1 00001U 00001A   24157.52569444 -.00000000  00000-0  00000-0 0    15
2 00001  62.0000 504.5026 0002013 241.8296 236.4513 14.96474435000002
ROB3A
1 00001U 00001A   24157.56736111 -.00000000  00000-0  00000-0 0    16
2 00001  62.0000 519.5437 0002013 241.8296 236.4513 14.96474435000004
ROB3A
1 00001U 00001A   24157.60902778 -.00000000  00000-0  00000-0 0    15
2 00001  62.0000 534.5848 0002013 241.8296 236.4513 14.96474435000007
ROB3A
1 00001U 00001A   24157.65069444 -.00000000  00000-0  00000-0 0    14
2 00001  62.0000 189.6259 0002013 241.8296 236.4513 14.96474435000000
ROB3A
1 00001U 00001A   24157.69236111 -.00000000  00000-0  00000-0 0    15
2 00001  62.0000 204.6669 0002013 241.8296 236.4513 14.96474435000003
ROB3A
1 00001U 00001A   24157.73402778 -.00000000  00000-0  00000-0 0    14
2 00001  62.0000 219.7080 0002013 241.8296 236.4513 14.96474435000007
ROB3A
1 00001U 00001A   24157.77569444 -.00000000  00000-0  00000-0 0    12
2 00001  62.0000 234.7491 0002013 241.8296 236.4513 14.96474435000000
ROB3A
1 00001U 00001A   24157.81736111 -.00000000  00000-0  00000-0 0    14
2 00001  62.0000 249.7901 0002013 241.8296 236.4513 14.96474435000002
ROB3A
1 00001U 00001A   24157.85902778 -.00000000  00000-0  00000-0 0    12
2 00001  62.0000 264.8312 0002013 241.8296 236.4513 14.96474435000006
ROB3A
1 00001U 00001A   24157.90069444 -.00000000  00000-0  00000-0 0    12
2 00001  62.0000 279.8723 0002013 241.8296 236.4513 14.96474435000008
ROB3A
1 00001U 00001A   24157.94236111 -.00000000  00000-0  00000-0 0    13
2 00001  62.0000 294.9133 0002013 241.8296 236.4513 14.96474435000001
ROB3A
1 00001U 00001A   24157.98402778 -.00000000  00000-0  00000-0 0    11
2 00001  62.0000 309.9544 0002013 241.8296 236.4513 14.96474435000004
ROB3A
1 00001U 00001A   24158.02569444 -.00000000  00000-0  00000-0 0    11
2 00001  62.0000 324.9955 0002013 241.8296 236.4513 14.96474435000007
ROB3A
1 00001U 00001A   24158.06736111 -.00000000  00000-0  00000-0 0    12
2 00001  62.0000 340.0365 0002013 241.8296 236.4513 14.96474435000001
ROB3A
1 00001U 00001A   24158.10902778 -.00000000  00000-0  00000-0 0    11
2 00001  62.0000 355.0776 0002013 241.8296 236.4513 14.96474435000003
ROB3A
1 00001U 00001A   24158.15069444 -.00000000  00000-0  00000-0 0    10
2 00001  62.0000 370.1187 0002013 241.8296 236.4513 14.96474435000007
ROB3A
1 00001U 00001A   24158.19236111 -.00000000  00000-0  00000-0 0    11
2 00001  62.0000 385.1597 0002013 241.8296 236.4513 14.96474435000008
ROB3A
1 00001U 00001A   24158.23402778 -.00000000  00000-0  00000-0 0    10
2 00001  62.0000 400.2008 0002013 241.8296 236.4513 14.96474435000004
ROB3A
1 00001U 00001A   24158.27569444 -.00000000  00000-0  00000-0 0    18
2 00001  62.0000 415.2419 0002013 241.8296 236.4513 14.96474435000006
ROB3A
1 00001U 00001A   24158.31736111 -.00000000  00000-0  00000-0 0    10
2 00001  62.0000 430.2830 0002013 241.8296 236.4513 14.96474435000000
ROB3A
1 00001U 00001A   24158.35902778 -.00000000  00000-0  00000-0 0    18
2 00001  62.0000 445.3240 0002013 241.8296 236.4513 14.96474435000002
ROB3A
1 00001U 00001A   24158.40069444 -.00000000  00000-0  00000-0 0    18
2 00001  62.0000 460.3651 0002013 241.8296 236.4513 14.96474435000005
ROB3A
1 00001U 00001A   24158.44236111 -.00000000  00000-0  00000-0 0    19
2 00001  62.0000 475.4062 0002013 241.8296 236.4513 14.96474435000008
ROB3A
1 00001U 00001A   24158.48402778 -.00000000  00000-0  00000-0 0    17
2 00001  62.0000 490.4472 0002013 241.8296 236.4513 14.96474435000000
ROB3A
1 00001U 00001A   24158.52569444 -.00000000  00000-0  00000-0 0    16
2 00001  62.0000 505.4883 0002013 241.8296 236.4513 14.96474435000003
ROB3A
1 00001U 00001A   24158.56736111 -.00000000  00000-0  00000-0 0    17
2 00001  62.0000 520.5294 0002013 241.8296 236.4513 14.96474435000007
ROB3A
1 00001U 00001A   24158.60902778 -.00000000  00000-0  00000-0 0    16
2 00001  62.0000 535.5704 0002013 241.8296 236.4513 14.96474435000009
ROB3A
1 00001U 00001A   24158.65069444 -.00000000  00000-0  00000-0 0    15
2 00001  62.0000 190.6115 0002013 241.8296 236.4513 14.96474435000003
ROB3A
1 00001U 00001A   24158.69236111 -.00000000  00000-0  00000-0 0    16
2 00001  62.0000 205.6526 0002013 241.8296 236.4513 14.96474435000006
ROB3A
1 00001U 00001A   24158.73402778 -.00000000  00000-0  00000-0 0    15
2 00001  62.0000 220.6936 0002013 241.8296 236.4513 14.96474435000008
ROB3A
1 00001U 00001A   24158.77569444 -.00000000  00000-0  00000-0 0    13
2 00001  62.0000 235.7347 0002013 241.8296 236.4513 14.96474435000001
ROB3A
1 00001U 00001A   24158.81736111 -.00000000  00000-0  00000-0 0    15
2 00001  62.0000 250.7758 0002013 241.8296 236.4513 14.96474435000004
ROB3A
1 00001U 00001A   24158.85902778 -.00000000  00000-0  00000-0 0    13
2 00001  62.0000 265.8168 0002013 241.8296 236.4513 14.96474435000006
ROB3A
1 00001U 00001A   24158.90069444 -.00000000  00000-0  00000-0 0    13
2 00001  62.0000 280.8579 0002013 241.8296 236.4513 14.96474435000009
ROB3A
1 00001U 00001A   24158.94236111 -.00000000  00000-0  00000-0 0    14
2 00001  62.0000 295.8990 0002013 241.8296 236.4513 14.96474435000002
ROB3A
1 00001U 00001A   24158.98402778 -.00000000  00000-0  00000-0 0    12
2 00001  62.0000 310.9401 0002013 241.8296 236.4513 14.96474435000008
ROB3A
1 00001U 00001A   24159.02569444 -.00000000  00000-0  00000-0 0    12
2 00001  62.0000 325.9811 0002013 241.8296 236.4513 14.96474435000009
ROB3A
1 00001U 00001A   24159.06736111 -.00000000  00000-0  00000-0 0    13
2 00001  62.0000 341.0222 0002013 241.8296 236.4513 14.96474435000004
ROB3A
1 00001U 00001A   24159.10902778 -.00000000  00000-0  00000-0 0    12
2 00001  62.0000 356.0633 0002013 241.8296 236.4513 14.96474435000006
ROB3A
1 00001U 00001A   24159.15069444 -.00000000  00000-0  00000-0 0    11
2 00001  62.0000 371.1043 0002013 241.8296 236.4513 14.96474435000009
ROB3A
1 00001U 00001A   24159.19236111 -.00000000  00000-0  00000-0 0    12
2 00001  62.0000 386.1454 0002013 241.8296 236.4513 14.96474435000001
ROB3A
1 00001U 00001A   24159.23402778 -.00000000  00000-0  00000-0 0    11
2 00001  62.0000 401.1865 0002013 241.8296 236.4513 14.96474435000005
ROB3A
1 00001U 00001A   24159.27569444 -.00000000  00000-0  00000-0 0    19
2 00001  62.0000 416.2275 0002013 241.8296 236.4513 14.96474435000007
ROB3A
1 00001U 00001A   24159.31736111 -.00000000  00000-0  00000-0 0    11
2 00001  62.0000 431.2686 0002013 241.8296 236.4513 14.96474435000000
ROB3A
1 00001U 00001A   24159.35902778 -.00000000  00000-0  00000-0 0    19
2 00001  62.0000 446.3097 0002013 241.8296 236.4513 14.96474435000003
ROB3A
1 00001U 00001A   24159.40069444 -.00000000  00000-0  00000-0 0    19
2 00001  62.0000 461.3507 0002013 241.8296 236.4513 14.96474435000006
ROB3A
1 00001U 00001A   24159.44236111 -.00000000  00000-0  00000-0 0    10
2 00001  62.0000 476.3918 0002013 241.8296 236.4513 14.96474435000008
ROB3A
1 00001U 00001A   24159.48402778 -.00000000  00000-0  00000-0 0    18
2 00001  62.0000 491.4329 0002013 241.8296 236.4513 14.96474435000002
ROB3A
1 00001U 00001A   24159.52569444 -.00000000  00000-0  00000-0 0    17
2 00001  62.0000 506.4739 0002013 241.8296 236.4513 14.96474435000004
ROB3A
1 00001U 00001A   24159.56736111 -.00000000  00000-0  00000-0 0    18
2 00001  62.0000 521.5150 0002013 241.8296 236.4513 14.96474435000009
ROB3A
1 00001U 00001A   24159.60902778 -.00000000  00000-0  00000-0 0    17
2 00001  62.0000 536.5561 0002013 241.8296 236.4513 14.96474435000001
ROB3A
1 00001U 00001A   24159.65069444 -.00000000  00000-0  00000-0 0    16
2 00001  62.0000 191.5972 0002013 241.8296 236.4513 14.96474435000004
ROB3A
1 00001U 00001A   24159.69236111 -.00000000  00000-0  00000-0 0    17
2 00001  62.0000 206.6382 0002013 241.8296 236.4513 14.96474435000007
ROB3A
1 00001U 00001A   24159.73402778 -.00000000  00000-0  00000-0 0    16
2 00001  62.0000 221.6793 0002013 241.8296 236.4513 14.96474435000000
ROB3A
1 00001U 00001A   24159.77569444 -.00000000  00000-0  00000-0 0    14
2 00001  62.0000 236.7204 0002013 241.8296 236.4513 14.96474435000004
ROB3A
1 00001U 00001A   24159.81736111 -.00000000  00000-0  00000-0 0    16
2 00001  62.0000 251.7614 0002013 241.8296 236.4513 14.96474435000006
ROB3A
1 00001U 00001A   24159.85902778 -.00000000  00000-0  00000-0 0    14
2 00001  62.0000 266.8025 0002013 241.8296 236.4513 14.96474435000009
ROB3A
1 00001U 00001A   24159.90069444 -.00000000  00000-0  00000-0 0    14
2 00001  62.0000 281.8436 0002013 241.8296 236.4513 14.96474435000002
ROB3A
1 00001U 00001A   24159.94236111 -.00000000  00000-0  00000-0 0    15
2 00001  62.0000 296.8846 0002013 241.8296 236.4513 14.96474435000003
